{
 "cells": [
  {
   "cell_type": "code",
   "execution_count": 1,
   "id": "490179f6",
   "metadata": {},
   "outputs": [],
   "source": [
    "import numpy as np\n",
    "import pandas as pd\n",
    "import torch\n",
    "import torch.nn.functional as F"
   ]
  },
  {
   "cell_type": "code",
   "execution_count": 2,
   "id": "65b9327b",
   "metadata": {},
   "outputs": [],
   "source": [
    "inputs = torch.randn(1, 5, 5, 5)#(batch size, channels, width, heights)\n",
    "filters = torch.randn(1, 5, 3, 3)\n",
    "padding = 0\n",
    "stride = 1\n",
    "k_s = [3,3]"
   ]
  },
  {
   "cell_type": "markdown",
   "id": "9667f42a",
   "metadata": {},
   "source": [
    "### Testing with torch"
   ]
  },
  {
   "cell_type": "code",
   "execution_count": 3,
   "id": "17eea5e6",
   "metadata": {},
   "outputs": [],
   "source": [
    "s = torch.nn.functional.unfold(inputs, kernel_size = [3,3], dilation=1, padding=padding, stride=stride)"
   ]
  },
  {
   "cell_type": "code",
   "execution_count": 4,
   "id": "b3b2a8a2",
   "metadata": {},
   "outputs": [
    {
     "data": {
      "text/plain": [
       "torch.Size([1, 45, 9])"
      ]
     },
     "execution_count": 4,
     "metadata": {},
     "output_type": "execute_result"
    }
   ],
   "source": [
    "s.shape"
   ]
  },
  {
   "cell_type": "code",
   "execution_count": 5,
   "id": "7016381a",
   "metadata": {
    "scrolled": true
   },
   "outputs": [
    {
     "data": {
      "text/plain": [
       "tensor([[[ 1.3264, -0.3697, -1.6581,  0.6706,  1.2048,  0.4885,  0.9439,\n",
       "           0.0943,  0.8263],\n",
       "         [-0.3697, -1.6581, -0.3083,  1.2048,  0.4885, -2.9555,  0.0943,\n",
       "           0.8263, -0.6674],\n",
       "         [-1.6581, -0.3083, -0.4791,  0.4885, -2.9555,  2.1681,  0.8263,\n",
       "          -0.6674,  1.5364],\n",
       "         [ 0.6706,  1.2048,  0.4885,  0.9439,  0.0943,  0.8263,  0.3169,\n",
       "           1.0148,  0.9412],\n",
       "         [ 1.2048,  0.4885, -2.9555,  0.0943,  0.8263, -0.6674,  1.0148,\n",
       "           0.9412, -1.6938],\n",
       "         [ 0.4885, -2.9555,  2.1681,  0.8263, -0.6674,  1.5364,  0.9412,\n",
       "          -1.6938,  1.4526],\n",
       "         [ 0.9439,  0.0943,  0.8263,  0.3169,  1.0148,  0.9412,  0.8157,\n",
       "          -0.6004, -0.4014],\n",
       "         [ 0.0943,  0.8263, -0.6674,  1.0148,  0.9412, -1.6938, -0.6004,\n",
       "          -0.4014,  0.0529],\n",
       "         [ 0.8263, -0.6674,  1.5364,  0.9412, -1.6938,  1.4526, -0.4014,\n",
       "           0.0529,  0.4170],\n",
       "         [-0.5856,  0.4748,  1.1451, -1.7512, -0.1551, -0.9526,  0.8463,\n",
       "           1.3558, -1.4581],\n",
       "         [ 0.4748,  1.1451, -0.3170, -0.1551, -0.9526, -2.5395,  1.3558,\n",
       "          -1.4581, -0.5908],\n",
       "         [ 1.1451, -0.3170,  0.8341, -0.9526, -2.5395, -1.6424, -1.4581,\n",
       "          -0.5908,  1.0450],\n",
       "         [-1.7512, -0.1551, -0.9526,  0.8463,  1.3558, -1.4581,  0.6962,\n",
       "           0.2564, -1.5092],\n",
       "         [-0.1551, -0.9526, -2.5395,  1.3558, -1.4581, -0.5908,  0.2564,\n",
       "          -1.5092, -0.2837],\n",
       "         [-0.9526, -2.5395, -1.6424, -1.4581, -0.5908,  1.0450, -1.5092,\n",
       "          -0.2837, -0.8746],\n",
       "         [ 0.8463,  1.3558, -1.4581,  0.6962,  0.2564, -1.5092, -0.1120,\n",
       "           0.6521, -0.2624],\n",
       "         [ 1.3558, -1.4581, -0.5908,  0.2564, -1.5092, -0.2837,  0.6521,\n",
       "          -0.2624, -1.0113],\n",
       "         [-1.4581, -0.5908,  1.0450, -1.5092, -0.2837, -0.8746, -0.2624,\n",
       "          -1.0113,  1.3304],\n",
       "         [-0.2773, -0.8155,  2.0539,  0.1143, -0.4924, -0.0491, -0.5074,\n",
       "           0.3079,  0.6117],\n",
       "         [-0.8155,  2.0539,  0.6695, -0.4924, -0.0491, -0.2102,  0.3079,\n",
       "           0.6117, -0.4564],\n",
       "         [ 2.0539,  0.6695,  0.7360, -0.0491, -0.2102,  0.5179,  0.6117,\n",
       "          -0.4564,  0.7539],\n",
       "         [ 0.1143, -0.4924, -0.0491, -0.5074,  0.3079,  0.6117, -0.1960,\n",
       "           0.7214, -0.4631],\n",
       "         [-0.4924, -0.0491, -0.2102,  0.3079,  0.6117, -0.4564,  0.7214,\n",
       "          -0.4631, -0.2587],\n",
       "         [-0.0491, -0.2102,  0.5179,  0.6117, -0.4564,  0.7539, -0.4631,\n",
       "          -0.2587, -0.7078],\n",
       "         [-0.5074,  0.3079,  0.6117, -0.1960,  0.7214, -0.4631, -1.3061,\n",
       "          -0.6921,  0.0647],\n",
       "         [ 0.3079,  0.6117, -0.4564,  0.7214, -0.4631, -0.2587, -0.6921,\n",
       "           0.0647, -1.0770],\n",
       "         [ 0.6117, -0.4564,  0.7539, -0.4631, -0.2587, -0.7078,  0.0647,\n",
       "          -1.0770,  0.0163],\n",
       "         [-0.0592, -1.3736, -0.3351,  0.2177, -0.3167, -0.6304, -0.4338,\n",
       "           0.1666,  0.0422],\n",
       "         [-1.3736, -0.3351, -0.8329, -0.3167, -0.6304, -0.4151,  0.1666,\n",
       "           0.0422, -0.2110],\n",
       "         [-0.3351, -0.8329, -0.3126, -0.6304, -0.4151,  0.8808,  0.0422,\n",
       "          -0.2110,  0.3166],\n",
       "         [ 0.2177, -0.3167, -0.6304, -0.4338,  0.1666,  0.0422,  0.8608,\n",
       "          -0.4605, -0.4406],\n",
       "         [-0.3167, -0.6304, -0.4151,  0.1666,  0.0422, -0.2110, -0.4605,\n",
       "          -0.4406, -0.1386],\n",
       "         [-0.6304, -0.4151,  0.8808,  0.0422, -0.2110,  0.3166, -0.4406,\n",
       "          -0.1386,  2.1430],\n",
       "         [-0.4338,  0.1666,  0.0422,  0.8608, -0.4605, -0.4406,  1.5478,\n",
       "          -0.7041, -0.0998],\n",
       "         [ 0.1666,  0.0422, -0.2110, -0.4605, -0.4406, -0.1386, -0.7041,\n",
       "          -0.0998,  0.2945],\n",
       "         [ 0.0422, -0.2110,  0.3166, -0.4406, -0.1386,  2.1430, -0.0998,\n",
       "           0.2945, -0.3431],\n",
       "         [ 0.6587, -1.2652,  0.1418,  0.9714, -0.9934, -0.0382,  0.7376,\n",
       "           1.7353,  0.4116],\n",
       "         [-1.2652,  0.1418, -0.5300, -0.9934, -0.0382,  0.6104,  1.7353,\n",
       "           0.4116,  0.1247],\n",
       "         [ 0.1418, -0.5300,  0.8780, -0.0382,  0.6104,  0.8647,  0.4116,\n",
       "           0.1247,  0.0149],\n",
       "         [ 0.9714, -0.9934, -0.0382,  0.7376,  1.7353,  0.4116,  0.6059,\n",
       "          -0.6472,  0.0686],\n",
       "         [-0.9934, -0.0382,  0.6104,  1.7353,  0.4116,  0.1247, -0.6472,\n",
       "           0.0686, -1.0622],\n",
       "         [-0.0382,  0.6104,  0.8647,  0.4116,  0.1247,  0.0149,  0.0686,\n",
       "          -1.0622,  1.9110],\n",
       "         [ 0.7376,  1.7353,  0.4116,  0.6059, -0.6472,  0.0686,  0.4053,\n",
       "           1.7324, -2.0151],\n",
       "         [ 1.7353,  0.4116,  0.1247, -0.6472,  0.0686, -1.0622,  1.7324,\n",
       "          -2.0151,  1.3021],\n",
       "         [ 0.4116,  0.1247,  0.0149,  0.0686, -1.0622,  1.9110, -2.0151,\n",
       "           1.3021, -0.2959]]])"
      ]
     },
     "execution_count": 5,
     "metadata": {},
     "output_type": "execute_result"
    }
   ],
   "source": [
    "s"
   ]
  },
  {
   "cell_type": "markdown",
   "id": "2a37e57d",
   "metadata": {},
   "source": [
    "### Our function "
   ]
  },
  {
   "cell_type": "code",
   "execution_count": 6,
   "id": "b434230d",
   "metadata": {},
   "outputs": [
    {
     "data": {
      "text/plain": [
       "tensor([ 0.7679, -1.3931, -0.8109, -0.0700, -1.0485, -1.3339,  0.4676, -0.1381,\n",
       "        -1.8544, -1.3904, -0.5720, -0.5343, -0.4453, -0.5307, -0.0189, -1.0950,\n",
       "         0.4646,  0.5704,  0.9090,  0.2847,  0.7382, -0.3006,  0.4597,  0.8318,\n",
       "         0.6261,  0.5248,  0.2608,  0.6085,  1.1327, -1.7168, -0.4176,  0.0575,\n",
       "         0.7769,  0.0413,  0.4228,  0.0256,  1.2902,  0.1741, -1.4666,  1.6896,\n",
       "         0.0564,  0.5315, -1.0201, -0.8633, -0.4699])"
      ]
     },
     "execution_count": 6,
     "metadata": {},
     "output_type": "execute_result"
    }
   ],
   "source": [
    "filters.flatten()"
   ]
  },
  {
   "cell_type": "code",
   "execution_count": 7,
   "id": "95a4663d",
   "metadata": {
    "scrolled": true
   },
   "outputs": [
    {
     "data": {
      "text/plain": [
       "tensor([[[[ 1.3264, -0.3697, -1.6581, -0.3083, -0.4791],\n",
       "          [ 0.6706,  1.2048,  0.4885, -2.9555,  2.1681],\n",
       "          [ 0.9439,  0.0943,  0.8263, -0.6674,  1.5364],\n",
       "          [ 0.3169,  1.0148,  0.9412, -1.6938,  1.4526],\n",
       "          [ 0.8157, -0.6004, -0.4014,  0.0529,  0.4170]],\n",
       "\n",
       "         [[-0.5856,  0.4748,  1.1451, -0.3170,  0.8341],\n",
       "          [-1.7512, -0.1551, -0.9526, -2.5395, -1.6424],\n",
       "          [ 0.8463,  1.3558, -1.4581, -0.5908,  1.0450],\n",
       "          [ 0.6962,  0.2564, -1.5092, -0.2837, -0.8746],\n",
       "          [-0.1120,  0.6521, -0.2624, -1.0113,  1.3304]],\n",
       "\n",
       "         [[-0.2773, -0.8155,  2.0539,  0.6695,  0.7360],\n",
       "          [ 0.1143, -0.4924, -0.0491, -0.2102,  0.5179],\n",
       "          [-0.5074,  0.3079,  0.6117, -0.4564,  0.7539],\n",
       "          [-0.1960,  0.7214, -0.4631, -0.2587, -0.7078],\n",
       "          [-1.3061, -0.6921,  0.0647, -1.0770,  0.0163]],\n",
       "\n",
       "         [[-0.0592, -1.3736, -0.3351, -0.8329, -0.3126],\n",
       "          [ 0.2177, -0.3167, -0.6304, -0.4151,  0.8808],\n",
       "          [-0.4338,  0.1666,  0.0422, -0.2110,  0.3166],\n",
       "          [ 0.8608, -0.4605, -0.4406, -0.1386,  2.1430],\n",
       "          [ 1.5478, -0.7041, -0.0998,  0.2945, -0.3431]],\n",
       "\n",
       "         [[ 0.6587, -1.2652,  0.1418, -0.5300,  0.8780],\n",
       "          [ 0.9714, -0.9934, -0.0382,  0.6104,  0.8647],\n",
       "          [ 0.7376,  1.7353,  0.4116,  0.1247,  0.0149],\n",
       "          [ 0.6059, -0.6472,  0.0686, -1.0622,  1.9110],\n",
       "          [ 0.4053,  1.7324, -2.0151,  1.3021, -0.2959]]]])"
      ]
     },
     "execution_count": 7,
     "metadata": {},
     "output_type": "execute_result"
    }
   ],
   "source": [
    "inputs"
   ]
  },
  {
   "cell_type": "code",
   "execution_count": 8,
   "id": "0128622a",
   "metadata": {},
   "outputs": [
    {
     "data": {
      "text/plain": [
       "torch.Size([1, 5, 5, 5])"
      ]
     },
     "execution_count": 8,
     "metadata": {},
     "output_type": "execute_result"
    }
   ],
   "source": [
    "inputs.shape"
   ]
  },
  {
   "cell_type": "code",
   "execution_count": 9,
   "id": "b8c864c9",
   "metadata": {},
   "outputs": [],
   "source": [
    "patches = []\n",
    "# vec_y = []\n",
    "p1 = int(((inputs.shape[2] + (2*padding) - k_s[0])/stride) +1)\n",
    "p2 = int(((inputs.shape[3] + (2*padding) - k_s[1])/stride) +1)\n",
    "p = p1*p2\n",
    "counter=0 \n",
    "temp = []\n",
    "inputs = np.pad(inputs, pad_width = ((0,0),(0,0),(padding,padding),(padding,padding)))\n",
    "for b in range(inputs.shape[0]):\n",
    "    for c in range(inputs.shape[1]): \n",
    "        for h in range(0,inputs.shape[2],stride):\n",
    "            for w in range(0,inputs.shape[3],stride):\n",
    "                vec_x = inputs[b][c][h:k_s[0]+h,:][:,w:k_s[1]+w]\n",
    "                if (vec_x.shape[0]==k_s[0] & vec_x.shape[1]==k_s[1]):\n",
    "                    vec_x = vec_x.flatten()\n",
    "                    patches.append(vec_x)\n",
    "                    \n",
    "vec_y = np.array(patches) * np.array(filters.flatten()[:, np.newaxis])"
   ]
  },
  {
   "cell_type": "code",
   "execution_count": 10,
   "id": "e4b79add",
   "metadata": {},
   "outputs": [
    {
     "data": {
      "text/plain": [
       "(45, 9)"
      ]
     },
     "execution_count": 10,
     "metadata": {},
     "output_type": "execute_result"
    }
   ],
   "source": [
    "vec_y.shape"
   ]
  },
  {
   "cell_type": "code",
   "execution_count": 11,
   "id": "f849ae6f",
   "metadata": {
    "scrolled": true
   },
   "outputs": [
    {
     "data": {
      "text/plain": [
       "[array([ 1.3264308 , -0.36965796, -1.6581029 ,  0.6705813 ,  1.2048064 ,\n",
       "         0.4885479 ,  0.94386715,  0.09427062,  0.8262826 ], dtype=float32),\n",
       " array([-0.36965796, -1.6581029 , -0.30831492,  1.2048064 ,  0.4885479 ,\n",
       "        -2.9554873 ,  0.09427062,  0.8262826 , -0.66744757], dtype=float32),\n",
       " array([-1.6581029 , -0.30831492, -0.4791309 ,  0.4885479 , -2.9554873 ,\n",
       "         2.168116  ,  0.8262826 , -0.66744757,  1.5364361 ], dtype=float32),\n",
       " array([0.6705813 , 1.2048064 , 0.4885479 , 0.94386715, 0.09427062,\n",
       "        0.8262826 , 0.31691375, 1.0147967 , 0.9411889 ], dtype=float32),\n",
       " array([ 1.2048064 ,  0.4885479 , -2.9554873 ,  0.09427062,  0.8262826 ,\n",
       "        -0.66744757,  1.0147967 ,  0.9411889 , -1.6937854 ], dtype=float32),\n",
       " array([ 0.4885479 , -2.9554873 ,  2.168116  ,  0.8262826 , -0.66744757,\n",
       "         1.5364361 ,  0.9411889 , -1.6937854 ,  1.4526248 ], dtype=float32),\n",
       " array([ 0.94386715,  0.09427062,  0.8262826 ,  0.31691375,  1.0147967 ,\n",
       "         0.9411889 ,  0.8157408 , -0.6004024 , -0.40144676], dtype=float32),\n",
       " array([ 0.09427062,  0.8262826 , -0.66744757,  1.0147967 ,  0.9411889 ,\n",
       "        -1.6937854 , -0.6004024 , -0.40144676,  0.05294174], dtype=float32),\n",
       " array([ 0.8262826 , -0.66744757,  1.5364361 ,  0.9411889 , -1.6937854 ,\n",
       "         1.4526248 , -0.40144676,  0.05294174,  0.41699636], dtype=float32),\n",
       " array([-0.5856406 ,  0.4748484 ,  1.1450917 , -1.7511681 , -0.15505242,\n",
       "        -0.95261085,  0.8462672 ,  1.3558252 , -1.4581068 ], dtype=float32),\n",
       " array([ 0.4748484 ,  1.1450917 , -0.31698996, -0.15505242, -0.95261085,\n",
       "        -2.539472  ,  1.3558252 , -1.4581068 , -0.5908075 ], dtype=float32),\n",
       " array([ 1.1450917 , -0.31698996,  0.8341416 , -0.95261085, -2.539472  ,\n",
       "        -1.6423556 , -1.4581068 , -0.5908075 ,  1.0449637 ], dtype=float32),\n",
       " array([-1.7511681 , -0.15505242, -0.95261085,  0.8462672 ,  1.3558252 ,\n",
       "        -1.4581068 ,  0.6962313 ,  0.25636598, -1.5091904 ], dtype=float32),\n",
       " array([-0.15505242, -0.95261085, -2.539472  ,  1.3558252 , -1.4581068 ,\n",
       "        -0.5908075 ,  0.25636598, -1.5091904 , -0.28369507], dtype=float32),\n",
       " array([-0.95261085, -2.539472  , -1.6423556 , -1.4581068 , -0.5908075 ,\n",
       "         1.0449637 , -1.5091904 , -0.28369507, -0.8746147 ], dtype=float32),\n",
       " array([ 0.8462672 ,  1.3558252 , -1.4581068 ,  0.6962313 ,  0.25636598,\n",
       "        -1.5091904 , -0.11200424,  0.6520957 , -0.26237053], dtype=float32),\n",
       " array([ 1.3558252 , -1.4581068 , -0.5908075 ,  0.25636598, -1.5091904 ,\n",
       "        -0.28369507,  0.6520957 , -0.26237053, -1.0112516 ], dtype=float32),\n",
       " array([-1.4581068 , -0.5908075 ,  1.0449637 , -1.5091904 , -0.28369507,\n",
       "        -0.8746147 , -0.26237053, -1.0112516 ,  1.330373  ], dtype=float32),\n",
       " array([-0.2773317 , -0.8155127 ,  2.053874  ,  0.11426666, -0.49244985,\n",
       "        -0.04912305, -0.50740105,  0.30788833,  0.6116579 ], dtype=float32),\n",
       " array([-0.8155127 ,  2.053874  ,  0.6694761 , -0.49244985, -0.04912305,\n",
       "        -0.21020864,  0.30788833,  0.6116579 , -0.4564177 ], dtype=float32),\n",
       " array([ 2.053874  ,  0.6694761 ,  0.73601335, -0.04912305, -0.21020864,\n",
       "         0.5178998 ,  0.6116579 , -0.4564177 ,  0.753877  ], dtype=float32),\n",
       " array([ 0.11426666, -0.49244985, -0.04912305, -0.50740105,  0.30788833,\n",
       "         0.6116579 , -0.19598095,  0.7213608 , -0.4630981 ], dtype=float32),\n",
       " array([-0.49244985, -0.04912305, -0.21020864,  0.30788833,  0.6116579 ,\n",
       "        -0.4564177 ,  0.7213608 , -0.4630981 , -0.25871745], dtype=float32),\n",
       " array([-0.04912305, -0.21020864,  0.5178998 ,  0.6116579 , -0.4564177 ,\n",
       "         0.753877  , -0.4630981 , -0.25871745, -0.7077546 ], dtype=float32),\n",
       " array([-0.50740105,  0.30788833,  0.6116579 , -0.19598095,  0.7213608 ,\n",
       "        -0.4630981 , -1.3060839 , -0.6921477 ,  0.06468906], dtype=float32),\n",
       " array([ 0.30788833,  0.6116579 , -0.4564177 ,  0.7213608 , -0.4630981 ,\n",
       "        -0.25871745, -0.6921477 ,  0.06468906, -1.076959  ], dtype=float32),\n",
       " array([ 0.6116579 , -0.4564177 ,  0.753877  , -0.4630981 , -0.25871745,\n",
       "        -0.7077546 ,  0.06468906, -1.076959  ,  0.01625039], dtype=float32),\n",
       " array([-0.05922572, -1.3736377 , -0.3350618 ,  0.2177061 , -0.31674758,\n",
       "        -0.63035995, -0.43377942,  0.1666102 ,  0.04218984], dtype=float32),\n",
       " array([-1.3736377 , -0.3350618 , -0.8328514 , -0.31674758, -0.63035995,\n",
       "        -0.4151142 ,  0.1666102 ,  0.04218984, -0.21100436], dtype=float32),\n",
       " array([-0.3350618 , -0.8328514 , -0.31255105, -0.63035995, -0.4151142 ,\n",
       "         0.8808336 ,  0.04218984, -0.21100436,  0.31664202], dtype=float32),\n",
       " array([ 0.2177061 , -0.31674758, -0.63035995, -0.43377942,  0.1666102 ,\n",
       "         0.04218984,  0.8608327 , -0.46045944, -0.44064003], dtype=float32),\n",
       " array([-0.31674758, -0.63035995, -0.4151142 ,  0.1666102 ,  0.04218984,\n",
       "        -0.21100436, -0.46045944, -0.44064003, -0.13858838], dtype=float32),\n",
       " array([-0.63035995, -0.4151142 ,  0.8808336 ,  0.04218984, -0.21100436,\n",
       "         0.31664202, -0.44064003, -0.13858838,  2.142983  ], dtype=float32),\n",
       " array([-0.43377942,  0.1666102 ,  0.04218984,  0.8608327 , -0.46045944,\n",
       "        -0.44064003,  1.5477927 , -0.7041002 , -0.09983058], dtype=float32),\n",
       " array([ 0.1666102 ,  0.04218984, -0.21100436, -0.46045944, -0.44064003,\n",
       "        -0.13858838, -0.7041002 , -0.09983058,  0.29448456], dtype=float32),\n",
       " array([ 0.04218984, -0.21100436,  0.31664202, -0.44064003, -0.13858838,\n",
       "         2.142983  , -0.09983058,  0.29448456, -0.34308368], dtype=float32),\n",
       " array([ 0.6586836 , -1.2652277 ,  0.14182305,  0.9713593 , -0.99339855,\n",
       "        -0.03823083,  0.73758507,  1.7352786 ,  0.41164157], dtype=float32),\n",
       " array([-1.2652277 ,  0.14182305, -0.53000104, -0.99339855, -0.03823083,\n",
       "         0.6103815 ,  1.7352786 ,  0.41164157,  0.12470641], dtype=float32),\n",
       " array([ 0.14182305, -0.53000104,  0.87800235, -0.03823083,  0.6103815 ,\n",
       "         0.86468077,  0.41164157,  0.12470641,  0.01493706], dtype=float32),\n",
       " array([ 0.9713593 , -0.99339855, -0.03823083,  0.73758507,  1.7352786 ,\n",
       "         0.41164157,  0.6058891 , -0.6471896 ,  0.06864028], dtype=float32),\n",
       " array([-0.99339855, -0.03823083,  0.6103815 ,  1.7352786 ,  0.41164157,\n",
       "         0.12470641, -0.6471896 ,  0.06864028, -1.062176  ], dtype=float32),\n",
       " array([-0.03823083,  0.6103815 ,  0.86468077,  0.41164157,  0.12470641,\n",
       "         0.01493706,  0.06864028, -1.062176  ,  1.9110336 ], dtype=float32),\n",
       " array([ 0.73758507,  1.7352786 ,  0.41164157,  0.6058891 , -0.6471896 ,\n",
       "         0.06864028,  0.40531367,  1.7323642 , -2.0150962 ], dtype=float32),\n",
       " array([ 1.7352786 ,  0.41164157,  0.12470641, -0.6471896 ,  0.06864028,\n",
       "        -1.062176  ,  1.7323642 , -2.0150962 ,  1.3020546 ], dtype=float32),\n",
       " array([ 0.41164157,  0.12470641,  0.01493706,  0.06864028, -1.062176  ,\n",
       "         1.9110336 , -2.0150962 ,  1.3020546 , -0.29594073], dtype=float32)]"
      ]
     },
     "execution_count": 11,
     "metadata": {},
     "output_type": "execute_result"
    }
   ],
   "source": [
    "patches"
   ]
  }
 ],
 "metadata": {
  "kernelspec": {
   "display_name": "Python 3 (ipykernel)",
   "language": "python",
   "name": "python3"
  },
  "language_info": {
   "codemirror_mode": {
    "name": "ipython",
    "version": 3
   },
   "file_extension": ".py",
   "mimetype": "text/x-python",
   "name": "python",
   "nbconvert_exporter": "python",
   "pygments_lexer": "ipython3",
   "version": "3.9.12"
  }
 },
 "nbformat": 4,
 "nbformat_minor": 5
}
