{
 "cells": [
  {
   "cell_type": "code",
   "execution_count": 1,
   "id": "c9a3b19b",
   "metadata": {},
   "outputs": [],
   "source": [
    "import numpy as np\n",
    "import pandas as pd\n",
    "import torch\n",
    "import torch.nn.functional as F"
   ]
  },
  {
   "cell_type": "code",
   "execution_count": 2,
   "id": "7be1921c",
   "metadata": {},
   "outputs": [],
   "source": [
    "# filters = torch.randn(1, 5, 3, 3) #(no. of kernels, channel, width, height)\n",
    "inputs = torch.randn(1, 5, 32, 32)  #(batch size, channels, width, heights)\n",
    "padding = 1\n",
    "stride = 1"
   ]
  },
  {
   "cell_type": "markdown",
   "id": "eda01d82",
   "metadata": {},
   "source": [
    "## Output using Conv2d (torch)"
   ]
  },
  {
   "cell_type": "code",
   "execution_count": 115,
   "id": "e28ec339",
   "metadata": {},
   "outputs": [],
   "source": [
    "output = F.conv2d(inputs, filters, padding=padding, stride=stride)"
   ]
  },
  {
   "cell_type": "code",
   "execution_count": 116,
   "id": "5a27274d",
   "metadata": {},
   "outputs": [
    {
     "data": {
      "text/plain": [
       "torch.Size([1, 8, 7, 7])"
      ]
     },
     "execution_count": 116,
     "metadata": {},
     "output_type": "execute_result"
    }
   ],
   "source": [
    "output.shape"
   ]
  },
  {
   "cell_type": "markdown",
   "id": "a617a654",
   "metadata": {},
   "source": [
    "## Output using the Function"
   ]
  },
  {
   "cell_type": "code",
   "execution_count": 117,
   "id": "056812d8",
   "metadata": {},
   "outputs": [],
   "source": [
    "def output_size(p,s,inputs,filters):\n",
    "    output_width = (inputs.shape[2] - filters.shape[2] + (2*p))/s + 1\n",
    "    output_heights = (inputs.shape[3] - filters.shape[3] + (2*p))/s + 1\n",
    "    output_dimension = [inputs.shape[0],filters.shape[0], int(output_width), int(output_heights)]\n",
    "    return output_dimension"
   ]
  },
  {
   "cell_type": "code",
   "execution_count": 118,
   "id": "bfe63b9d",
   "metadata": {},
   "outputs": [
    {
     "data": {
      "text/plain": [
       "[1, 8, 7, 7]"
      ]
     },
     "execution_count": 118,
     "metadata": {},
     "output_type": "execute_result"
    }
   ],
   "source": [
    "output_dimension = output_size(padding, stride, inputs, filters)\n",
    "output_dimension"
   ]
  },
  {
   "cell_type": "code",
   "execution_count": null,
   "id": "4b0f858b",
   "metadata": {},
   "outputs": [],
   "source": []
  },
  {
   "cell_type": "code",
   "execution_count": null,
   "id": "52b1ac5c",
   "metadata": {},
   "outputs": [],
   "source": []
  },
  {
   "cell_type": "code",
   "execution_count": 42,
   "id": "65b9327b",
   "metadata": {},
   "outputs": [],
   "source": [
    "inputs = torch.randn(1, 5, 5, 5)#(batch size, channels, width, heights)\n",
    "filters = torch.randn(1, 5, 3, 3)\n",
    "padding = 0\n",
    "stride = 1\n",
    "k_s = [3,3]"
   ]
  },
  {
   "cell_type": "code",
   "execution_count": 47,
   "id": "17eea5e6",
   "metadata": {},
   "outputs": [],
   "source": [
    "s = torch.nn.functional.unfold(inputs, kernel_size = [3,3], dilation=1, padding=padding, stride=stride)"
   ]
  },
  {
   "cell_type": "code",
   "execution_count": 48,
   "id": "b3b2a8a2",
   "metadata": {},
   "outputs": [
    {
     "data": {
      "text/plain": [
       "torch.Size([1, 45, 9])"
      ]
     },
     "execution_count": 48,
     "metadata": {},
     "output_type": "execute_result"
    }
   ],
   "source": [
    "s.shape"
   ]
  },
  {
   "cell_type": "code",
   "execution_count": 49,
   "id": "7016381a",
   "metadata": {
    "scrolled": true
   },
   "outputs": [
    {
     "data": {
      "text/plain": [
       "tensor([[[-1.1298e+00,  1.4868e+00, -1.0933e-01,  6.8532e-01, -1.5469e-01,\n",
       "          -1.4652e+00, -6.0913e-01, -6.4593e-02, -8.0309e-01],\n",
       "         [ 1.4868e+00, -1.0933e-01, -1.9765e+00, -1.5469e-01, -1.4652e+00,\n",
       "           8.7685e-01, -6.4593e-02, -8.0309e-01,  1.6058e+00],\n",
       "         [-1.0933e-01, -1.9765e+00, -1.5587e+00, -1.4652e+00,  8.7685e-01,\n",
       "           6.3514e-01, -8.0309e-01,  1.6058e+00, -8.2907e-02],\n",
       "         [ 6.8532e-01, -1.5469e-01, -1.4652e+00, -6.0913e-01, -6.4593e-02,\n",
       "          -8.0309e-01,  1.0250e+00, -9.9820e-01,  6.0193e-01],\n",
       "         [-1.5469e-01, -1.4652e+00,  8.7685e-01, -6.4593e-02, -8.0309e-01,\n",
       "           1.6058e+00, -9.9820e-01,  6.0193e-01,  6.2682e-01],\n",
       "         [-1.4652e+00,  8.7685e-01,  6.3514e-01, -8.0309e-01,  1.6058e+00,\n",
       "          -8.2907e-02,  6.0193e-01,  6.2682e-01, -3.3753e-01],\n",
       "         [-6.0913e-01, -6.4593e-02, -8.0309e-01,  1.0250e+00, -9.9820e-01,\n",
       "           6.0193e-01,  5.5191e-01,  1.1035e+00, -4.6258e-01],\n",
       "         [-6.4593e-02, -8.0309e-01,  1.6058e+00, -9.9820e-01,  6.0193e-01,\n",
       "           6.2682e-01,  1.1035e+00, -4.6258e-01, -5.0647e-01],\n",
       "         [-8.0309e-01,  1.6058e+00, -8.2907e-02,  6.0193e-01,  6.2682e-01,\n",
       "          -3.3753e-01, -4.6258e-01, -5.0647e-01, -1.0259e+00],\n",
       "         [-3.7195e-01, -1.0139e+00, -8.7511e-01,  2.0566e-01, -9.8086e-01,\n",
       "          -2.0996e+00, -4.0915e-01, -1.5217e-01, -3.0485e-01],\n",
       "         [-1.0139e+00, -8.7511e-01,  8.6801e-01, -9.8086e-01, -2.0996e+00,\n",
       "          -1.4794e+00, -1.5217e-01, -3.0485e-01, -8.2510e-01],\n",
       "         [-8.7511e-01,  8.6801e-01, -1.2700e+00, -2.0996e+00, -1.4794e+00,\n",
       "          -1.7332e+00, -3.0485e-01, -8.2510e-01,  1.3495e+00],\n",
       "         [ 2.0566e-01, -9.8086e-01, -2.0996e+00, -4.0915e-01, -1.5217e-01,\n",
       "          -3.0485e-01,  8.0401e-01,  3.4483e-01, -5.2574e-01],\n",
       "         [-9.8086e-01, -2.0996e+00, -1.4794e+00, -1.5217e-01, -3.0485e-01,\n",
       "          -8.2510e-01,  3.4483e-01, -5.2574e-01, -1.9420e-01],\n",
       "         [-2.0996e+00, -1.4794e+00, -1.7332e+00, -3.0485e-01, -8.2510e-01,\n",
       "           1.3495e+00, -5.2574e-01, -1.9420e-01,  1.8075e+00],\n",
       "         [-4.0915e-01, -1.5217e-01, -3.0485e-01,  8.0401e-01,  3.4483e-01,\n",
       "          -5.2574e-01, -1.6589e+00,  8.2332e-02, -1.4327e+00],\n",
       "         [-1.5217e-01, -3.0485e-01, -8.2510e-01,  3.4483e-01, -5.2574e-01,\n",
       "          -1.9420e-01,  8.2332e-02, -1.4327e+00, -9.1177e-01],\n",
       "         [-3.0485e-01, -8.2510e-01,  1.3495e+00, -5.2574e-01, -1.9420e-01,\n",
       "           1.8075e+00, -1.4327e+00, -9.1177e-01,  1.4112e+00],\n",
       "         [-3.7333e-01, -6.9088e-01,  3.8221e-01,  1.8835e+00,  4.8320e-01,\n",
       "           2.3748e-01,  1.7464e+00,  1.8300e+00,  3.4281e-02],\n",
       "         [-6.9088e-01,  3.8221e-01,  2.7724e-02,  4.8320e-01,  2.3748e-01,\n",
       "           3.0278e-01,  1.8300e+00,  3.4281e-02,  1.6230e+00],\n",
       "         [ 3.8221e-01,  2.7724e-02, -4.6934e-01,  2.3748e-01,  3.0278e-01,\n",
       "           1.5685e+00,  3.4281e-02,  1.6230e+00,  7.6258e-02],\n",
       "         [ 1.8835e+00,  4.8320e-01,  2.3748e-01,  1.7464e+00,  1.8300e+00,\n",
       "           3.4281e-02, -1.6674e+00,  4.2931e-01,  1.6479e+00],\n",
       "         [ 4.8320e-01,  2.3748e-01,  3.0278e-01,  1.8300e+00,  3.4281e-02,\n",
       "           1.6230e+00,  4.2931e-01,  1.6479e+00,  4.1647e-01],\n",
       "         [ 2.3748e-01,  3.0278e-01,  1.5685e+00,  3.4281e-02,  1.6230e+00,\n",
       "           7.6258e-02,  1.6479e+00,  4.1647e-01,  2.1087e+00],\n",
       "         [ 1.7464e+00,  1.8300e+00,  3.4281e-02, -1.6674e+00,  4.2931e-01,\n",
       "           1.6479e+00,  6.5582e-01, -7.9541e-02, -3.6099e-01],\n",
       "         [ 1.8300e+00,  3.4281e-02,  1.6230e+00,  4.2931e-01,  1.6479e+00,\n",
       "           4.1647e-01, -7.9541e-02, -3.6099e-01, -1.2765e-01],\n",
       "         [ 3.4281e-02,  1.6230e+00,  7.6258e-02,  1.6479e+00,  4.1647e-01,\n",
       "           2.1087e+00, -3.6099e-01, -1.2765e-01, -1.1207e-01],\n",
       "         [-4.1126e-01,  1.0381e+00,  1.5954e-01, -2.3024e-01,  1.0495e+00,\n",
       "           1.0251e+00, -4.7605e-03,  2.0628e-01,  2.5818e+00],\n",
       "         [ 1.0381e+00,  1.5954e-01, -6.8480e-01,  1.0495e+00,  1.0251e+00,\n",
       "           3.6959e-01,  2.0628e-01,  2.5818e+00,  1.3883e-01],\n",
       "         [ 1.5954e-01, -6.8480e-01, -1.0616e+00,  1.0251e+00,  3.6959e-01,\n",
       "           8.9382e-01,  2.5818e+00,  1.3883e-01, -8.9685e-01],\n",
       "         [-2.3024e-01,  1.0495e+00,  1.0251e+00, -4.7605e-03,  2.0628e-01,\n",
       "           2.5818e+00,  8.5633e-01,  1.3368e+00,  1.1057e+00],\n",
       "         [ 1.0495e+00,  1.0251e+00,  3.6959e-01,  2.0628e-01,  2.5818e+00,\n",
       "           1.3883e-01,  1.3368e+00,  1.1057e+00,  1.2128e+00],\n",
       "         [ 1.0251e+00,  3.6959e-01,  8.9382e-01,  2.5818e+00,  1.3883e-01,\n",
       "          -8.9685e-01,  1.1057e+00,  1.2128e+00, -7.3666e-01],\n",
       "         [-4.7605e-03,  2.0628e-01,  2.5818e+00,  8.5633e-01,  1.3368e+00,\n",
       "           1.1057e+00,  3.2502e-01, -2.0679e-01,  1.9057e-01],\n",
       "         [ 2.0628e-01,  2.5818e+00,  1.3883e-01,  1.3368e+00,  1.1057e+00,\n",
       "           1.2128e+00, -2.0679e-01,  1.9057e-01,  3.7124e-02],\n",
       "         [ 2.5818e+00,  1.3883e-01, -8.9685e-01,  1.1057e+00,  1.2128e+00,\n",
       "          -7.3666e-01,  1.9057e-01,  3.7124e-02, -1.7374e+00],\n",
       "         [ 1.1258e+00,  1.0727e-03, -3.4682e-01,  6.0415e-01,  1.0466e+00,\n",
       "           7.0548e-01, -8.9834e-01, -1.3561e+00, -1.9312e-01],\n",
       "         [ 1.0727e-03, -3.4682e-01, -3.0810e-01,  1.0466e+00,  7.0548e-01,\n",
       "          -7.0028e-01, -1.3561e+00, -1.9312e-01,  3.9646e-01],\n",
       "         [-3.4682e-01, -3.0810e-01, -3.7146e-01,  7.0548e-01, -7.0028e-01,\n",
       "          -3.1478e-01, -1.9312e-01,  3.9646e-01,  6.9719e-01],\n",
       "         [ 6.0415e-01,  1.0466e+00,  7.0548e-01, -8.9834e-01, -1.3561e+00,\n",
       "          -1.9312e-01, -1.7621e-01, -3.8090e-01, -3.9844e-01],\n",
       "         [ 1.0466e+00,  7.0548e-01, -7.0028e-01, -1.3561e+00, -1.9312e-01,\n",
       "           3.9646e-01, -3.8090e-01, -3.9844e-01, -1.5919e+00],\n",
       "         [ 7.0548e-01, -7.0028e-01, -3.1478e-01, -1.9312e-01,  3.9646e-01,\n",
       "           6.9719e-01, -3.9844e-01, -1.5919e+00, -7.6688e-01],\n",
       "         [-8.9834e-01, -1.3561e+00, -1.9312e-01, -1.7621e-01, -3.8090e-01,\n",
       "          -3.9844e-01, -6.3347e-01, -6.7589e-01,  9.3617e-01],\n",
       "         [-1.3561e+00, -1.9312e-01,  3.9646e-01, -3.8090e-01, -3.9844e-01,\n",
       "          -1.5919e+00, -6.7589e-01,  9.3617e-01, -2.8073e-01],\n",
       "         [-1.9312e-01,  3.9646e-01,  6.9719e-01, -3.9844e-01, -1.5919e+00,\n",
       "          -7.6688e-01,  9.3617e-01, -2.8073e-01,  4.9314e-01]]])"
      ]
     },
     "execution_count": 49,
     "metadata": {},
     "output_type": "execute_result"
    }
   ],
   "source": [
    "s"
   ]
  },
  {
   "cell_type": "code",
   "execution_count": 74,
   "id": "b434230d",
   "metadata": {},
   "outputs": [
    {
     "data": {
      "text/plain": [
       "tensor([-0.4314, -1.3042,  0.1276,  1.7879, -2.1044, -0.7346, -1.0459,  0.1640,\n",
       "        -0.3593, -1.6879, -0.2109,  0.0375,  0.1512, -1.2878,  0.2334,  0.4233,\n",
       "         0.9969, -0.8263, -0.0512,  0.7856, -0.4701,  0.3592,  0.8320, -0.2684,\n",
       "        -1.1288, -0.0619, -1.1760,  0.7305, -0.8542, -0.2573,  1.0129,  1.1170,\n",
       "         1.1006, -1.5316,  0.3633,  0.5063,  1.6942,  0.9849,  0.1757,  0.2054,\n",
       "        -0.1789,  0.8944,  0.6079, -0.2367, -0.9503])"
      ]
     },
     "execution_count": 74,
     "metadata": {},
     "output_type": "execute_result"
    }
   ],
   "source": [
    "filters.flatten()"
   ]
  },
  {
   "cell_type": "code",
   "execution_count": 55,
   "id": "95a4663d",
   "metadata": {},
   "outputs": [
    {
     "data": {
      "text/plain": [
       "tensor([[[[-1.1298e+00,  1.4868e+00, -1.0933e-01, -1.9765e+00, -1.5587e+00],\n",
       "          [ 6.8532e-01, -1.5469e-01, -1.4652e+00,  8.7685e-01,  6.3514e-01],\n",
       "          [-6.0913e-01, -6.4593e-02, -8.0309e-01,  1.6058e+00, -8.2907e-02],\n",
       "          [ 1.0250e+00, -9.9820e-01,  6.0193e-01,  6.2682e-01, -3.3753e-01],\n",
       "          [ 5.5191e-01,  1.1035e+00, -4.6258e-01, -5.0647e-01, -1.0259e+00]],\n",
       "\n",
       "         [[-3.7195e-01, -1.0139e+00, -8.7511e-01,  8.6801e-01, -1.2700e+00],\n",
       "          [ 2.0566e-01, -9.8086e-01, -2.0996e+00, -1.4794e+00, -1.7332e+00],\n",
       "          [-4.0915e-01, -1.5217e-01, -3.0485e-01, -8.2510e-01,  1.3495e+00],\n",
       "          [ 8.0401e-01,  3.4483e-01, -5.2574e-01, -1.9420e-01,  1.8075e+00],\n",
       "          [-1.6589e+00,  8.2332e-02, -1.4327e+00, -9.1177e-01,  1.4112e+00]],\n",
       "\n",
       "         [[-3.7333e-01, -6.9088e-01,  3.8221e-01,  2.7724e-02, -4.6934e-01],\n",
       "          [ 1.8835e+00,  4.8320e-01,  2.3748e-01,  3.0278e-01,  1.5685e+00],\n",
       "          [ 1.7464e+00,  1.8300e+00,  3.4281e-02,  1.6230e+00,  7.6258e-02],\n",
       "          [-1.6674e+00,  4.2931e-01,  1.6479e+00,  4.1647e-01,  2.1087e+00],\n",
       "          [ 6.5582e-01, -7.9541e-02, -3.6099e-01, -1.2765e-01, -1.1207e-01]],\n",
       "\n",
       "         [[-4.1126e-01,  1.0381e+00,  1.5954e-01, -6.8480e-01, -1.0616e+00],\n",
       "          [-2.3024e-01,  1.0495e+00,  1.0251e+00,  3.6959e-01,  8.9382e-01],\n",
       "          [-4.7605e-03,  2.0628e-01,  2.5818e+00,  1.3883e-01, -8.9685e-01],\n",
       "          [ 8.5633e-01,  1.3368e+00,  1.1057e+00,  1.2128e+00, -7.3666e-01],\n",
       "          [ 3.2502e-01, -2.0679e-01,  1.9057e-01,  3.7124e-02, -1.7374e+00]],\n",
       "\n",
       "         [[ 1.1258e+00,  1.0727e-03, -3.4682e-01, -3.0810e-01, -3.7146e-01],\n",
       "          [ 6.0415e-01,  1.0466e+00,  7.0548e-01, -7.0028e-01, -3.1478e-01],\n",
       "          [-8.9834e-01, -1.3561e+00, -1.9312e-01,  3.9646e-01,  6.9719e-01],\n",
       "          [-1.7621e-01, -3.8090e-01, -3.9844e-01, -1.5919e+00, -7.6688e-01],\n",
       "          [-6.3347e-01, -6.7589e-01,  9.3617e-01, -2.8073e-01,  4.9314e-01]]]])"
      ]
     },
     "execution_count": 55,
     "metadata": {},
     "output_type": "execute_result"
    }
   ],
   "source": [
    "inputs"
   ]
  },
  {
   "cell_type": "code",
   "execution_count": 106,
   "id": "b95e12e4",
   "metadata": {},
   "outputs": [],
   "source": [
    "inputs_new = np.pad(inputs, pad_width = ((0,0),(0,0),(1, 1), (1, 1)))"
   ]
  },
  {
   "cell_type": "code",
   "execution_count": 107,
   "id": "2a18cf1c",
   "metadata": {},
   "outputs": [
    {
     "data": {
      "text/plain": [
       "array([[[[ 0.0000000e+00,  0.0000000e+00,  0.0000000e+00,\n",
       "           0.0000000e+00,  0.0000000e+00,  0.0000000e+00,\n",
       "           0.0000000e+00],\n",
       "         [ 0.0000000e+00, -1.1297834e+00,  1.4868010e+00,\n",
       "          -1.0933190e-01, -1.9764681e+00, -1.5587034e+00,\n",
       "           0.0000000e+00],\n",
       "         [ 0.0000000e+00,  6.8532020e-01, -1.5468623e-01,\n",
       "          -1.4651884e+00,  8.7684685e-01,  6.3514006e-01,\n",
       "           0.0000000e+00],\n",
       "         [ 0.0000000e+00, -6.0912687e-01, -6.4592995e-02,\n",
       "          -8.0309069e-01,  1.6057577e+00, -8.2907416e-02,\n",
       "           0.0000000e+00],\n",
       "         [ 0.0000000e+00,  1.0250096e+00, -9.9819738e-01,\n",
       "           6.0193235e-01,  6.2682080e-01, -3.3752578e-01,\n",
       "           0.0000000e+00],\n",
       "         [ 0.0000000e+00,  5.5191022e-01,  1.1035016e+00,\n",
       "          -4.6257722e-01, -5.0646549e-01, -1.0259041e+00,\n",
       "           0.0000000e+00],\n",
       "         [ 0.0000000e+00,  0.0000000e+00,  0.0000000e+00,\n",
       "           0.0000000e+00,  0.0000000e+00,  0.0000000e+00,\n",
       "           0.0000000e+00]],\n",
       "\n",
       "        [[ 0.0000000e+00,  0.0000000e+00,  0.0000000e+00,\n",
       "           0.0000000e+00,  0.0000000e+00,  0.0000000e+00,\n",
       "           0.0000000e+00],\n",
       "         [ 0.0000000e+00, -3.7195122e-01, -1.0138667e+00,\n",
       "          -8.7510812e-01,  8.6801159e-01, -1.2700269e+00,\n",
       "           0.0000000e+00],\n",
       "         [ 0.0000000e+00,  2.0565905e-01, -9.8085755e-01,\n",
       "          -2.0996175e+00, -1.4794441e+00, -1.7332230e+00,\n",
       "           0.0000000e+00],\n",
       "         [ 0.0000000e+00, -4.0915260e-01, -1.5216997e-01,\n",
       "          -3.0485210e-01, -8.2510388e-01,  1.3495241e+00,\n",
       "           0.0000000e+00],\n",
       "         [ 0.0000000e+00,  8.0401313e-01,  3.4482920e-01,\n",
       "          -5.2573538e-01, -1.9420166e-01,  1.8074692e+00,\n",
       "           0.0000000e+00],\n",
       "         [ 0.0000000e+00, -1.6589499e+00,  8.2331978e-02,\n",
       "          -1.4326516e+00, -9.1177386e-01,  1.4111505e+00,\n",
       "           0.0000000e+00],\n",
       "         [ 0.0000000e+00,  0.0000000e+00,  0.0000000e+00,\n",
       "           0.0000000e+00,  0.0000000e+00,  0.0000000e+00,\n",
       "           0.0000000e+00]],\n",
       "\n",
       "        [[ 0.0000000e+00,  0.0000000e+00,  0.0000000e+00,\n",
       "           0.0000000e+00,  0.0000000e+00,  0.0000000e+00,\n",
       "           0.0000000e+00],\n",
       "         [ 0.0000000e+00, -3.7332991e-01, -6.9088125e-01,\n",
       "           3.8220757e-01,  2.7724475e-02, -4.6934041e-01,\n",
       "           0.0000000e+00],\n",
       "         [ 0.0000000e+00,  1.8834687e+00,  4.8320049e-01,\n",
       "           2.3747572e-01,  3.0278134e-01,  1.5684929e+00,\n",
       "           0.0000000e+00],\n",
       "         [ 0.0000000e+00,  1.7464454e+00,  1.8299559e+00,\n",
       "           3.4281380e-02,  1.6230226e+00,  7.6258332e-02,\n",
       "           0.0000000e+00],\n",
       "         [ 0.0000000e+00, -1.6673740e+00,  4.2930627e-01,\n",
       "           1.6479326e+00,  4.1647097e-01,  2.1087141e+00,\n",
       "           0.0000000e+00],\n",
       "         [ 0.0000000e+00,  6.5581709e-01, -7.9540811e-02,\n",
       "          -3.6099228e-01, -1.2765363e-01, -1.1207239e-01,\n",
       "           0.0000000e+00],\n",
       "         [ 0.0000000e+00,  0.0000000e+00,  0.0000000e+00,\n",
       "           0.0000000e+00,  0.0000000e+00,  0.0000000e+00,\n",
       "           0.0000000e+00]],\n",
       "\n",
       "        [[ 0.0000000e+00,  0.0000000e+00,  0.0000000e+00,\n",
       "           0.0000000e+00,  0.0000000e+00,  0.0000000e+00,\n",
       "           0.0000000e+00],\n",
       "         [ 0.0000000e+00, -4.1125530e-01,  1.0380727e+00,\n",
       "           1.5954182e-01, -6.8480384e-01, -1.0615520e+00,\n",
       "           0.0000000e+00],\n",
       "         [ 0.0000000e+00, -2.3023680e-01,  1.0495493e+00,\n",
       "           1.0251449e+00,  3.6958504e-01,  8.9382136e-01,\n",
       "           0.0000000e+00],\n",
       "         [ 0.0000000e+00, -4.7605461e-03,  2.0627755e-01,\n",
       "           2.5818281e+00,  1.3882680e-01, -8.9685285e-01,\n",
       "           0.0000000e+00],\n",
       "         [ 0.0000000e+00,  8.5633016e-01,  1.3367645e+00,\n",
       "           1.1057106e+00,  1.2127953e+00, -7.3665643e-01,\n",
       "           0.0000000e+00],\n",
       "         [ 0.0000000e+00,  3.2502487e-01, -2.0679103e-01,\n",
       "           1.9057043e-01,  3.7124228e-02, -1.7374418e+00,\n",
       "           0.0000000e+00],\n",
       "         [ 0.0000000e+00,  0.0000000e+00,  0.0000000e+00,\n",
       "           0.0000000e+00,  0.0000000e+00,  0.0000000e+00,\n",
       "           0.0000000e+00]],\n",
       "\n",
       "        [[ 0.0000000e+00,  0.0000000e+00,  0.0000000e+00,\n",
       "           0.0000000e+00,  0.0000000e+00,  0.0000000e+00,\n",
       "           0.0000000e+00],\n",
       "         [ 0.0000000e+00,  1.1257735e+00,  1.0727426e-03,\n",
       "          -3.4682360e-01, -3.0810353e-01, -3.7146190e-01,\n",
       "           0.0000000e+00],\n",
       "         [ 0.0000000e+00,  6.0414726e-01,  1.0465657e+00,\n",
       "           7.0548171e-01, -7.0027608e-01, -3.1477985e-01,\n",
       "           0.0000000e+00],\n",
       "         [ 0.0000000e+00, -8.9834499e-01, -1.3560863e+00,\n",
       "          -1.9311523e-01,  3.9646494e-01,  6.9718558e-01,\n",
       "           0.0000000e+00],\n",
       "         [ 0.0000000e+00, -1.7620879e-01, -3.8089645e-01,\n",
       "          -3.9844275e-01, -1.5918713e+00, -7.6688206e-01,\n",
       "           0.0000000e+00],\n",
       "         [ 0.0000000e+00, -6.3346660e-01, -6.7589402e-01,\n",
       "           9.3616980e-01, -2.8072894e-01,  4.9313697e-01,\n",
       "           0.0000000e+00],\n",
       "         [ 0.0000000e+00,  0.0000000e+00,  0.0000000e+00,\n",
       "           0.0000000e+00,  0.0000000e+00,  0.0000000e+00,\n",
       "           0.0000000e+00]]]], dtype=float32)"
      ]
     },
     "execution_count": 107,
     "metadata": {},
     "output_type": "execute_result"
    }
   ],
   "source": [
    "inputs_new"
   ]
  },
  {
   "cell_type": "code",
   "execution_count": 56,
   "id": "0128622a",
   "metadata": {},
   "outputs": [
    {
     "data": {
      "text/plain": [
       "torch.Size([1, 5, 5, 5])"
      ]
     },
     "execution_count": 56,
     "metadata": {},
     "output_type": "execute_result"
    }
   ],
   "source": [
    "inputs.shape"
   ]
  },
  {
   "cell_type": "code",
   "execution_count": 108,
   "id": "b8c864c9",
   "metadata": {},
   "outputs": [],
   "source": [
    "patches = []\n",
    "vec_y = []\n",
    "p1 = int(((inputs.shape[2] + (2*padding) - k_s[0])/stride) +1)\n",
    "p2 = int(((inputs.shape[3] + (2*padding) - k_s[1])/stride) +1)\n",
    "p = p1*p2\n",
    "counter=0 \n",
    "temp = []\n",
    "inputs = np.pad(inputs, pad_width = ((0,0),(0,0),(padding,padding),(padding,padding)))\n",
    "for b in range(inputs.shape[0]):\n",
    "    for c in range(inputs.shape[1]): \n",
    "        for h in range(0,inputs.shape[2],stride):\n",
    "            for w in range(0,inputs.shape[3],stride):\n",
    "                vec_x = inputs[b][c][h:k_s[0]+h,:][:,w:k_s[1]+w]\n",
    "                if (vec_x.shape[0]==k_s[0] & vec_x.shape[1]==k_s[1]):\n",
    "                    vec_x = vec_x.flatten()\n",
    "                    patches.append(vec_x)  "
   ]
  },
  {
   "cell_type": "code",
   "execution_count": null,
   "id": "4268fe54",
   "metadata": {},
   "outputs": [],
   "source": [
    "Y = X(patches) (45*9) * W (1*45)\n",
    "reshape Y (1,45,9)"
   ]
  },
  {
   "cell_type": "code",
   "execution_count": 109,
   "id": "b1c22079",
   "metadata": {},
   "outputs": [
    {
     "data": {
      "text/plain": [
       "[array([ 0.        ,  0.        ,  0.        ,  0.        , -1.1297834 ,\n",
       "         1.486801  ,  0.        ,  0.6853202 , -0.15468623], dtype=float32),\n",
       " array([ 0.        ,  0.        ,  0.        , -1.1297834 ,  1.486801  ,\n",
       "        -0.1093319 ,  0.6853202 , -0.15468623, -1.4651884 ], dtype=float32),\n",
       " array([ 0.        ,  0.        ,  0.        ,  1.486801  , -0.1093319 ,\n",
       "        -1.9764681 , -0.15468623, -1.4651884 ,  0.87684685], dtype=float32),\n",
       " array([ 0.        ,  0.        ,  0.        , -0.1093319 , -1.9764681 ,\n",
       "        -1.5587034 , -1.4651884 ,  0.87684685,  0.63514006], dtype=float32),\n",
       " array([ 0.        ,  0.        ,  0.        , -1.9764681 , -1.5587034 ,\n",
       "         0.        ,  0.87684685,  0.63514006,  0.        ], dtype=float32),\n",
       " array([ 0.        , -1.1297834 ,  1.486801  ,  0.        ,  0.6853202 ,\n",
       "        -0.15468623,  0.        , -0.60912687, -0.06459299], dtype=float32),\n",
       " array([-1.1297834 ,  1.486801  , -0.1093319 ,  0.6853202 , -0.15468623,\n",
       "        -1.4651884 , -0.60912687, -0.06459299, -0.8030907 ], dtype=float32),\n",
       " array([ 1.486801  , -0.1093319 , -1.9764681 , -0.15468623, -1.4651884 ,\n",
       "         0.87684685, -0.06459299, -0.8030907 ,  1.6057577 ], dtype=float32),\n",
       " array([-0.1093319 , -1.9764681 , -1.5587034 , -1.4651884 ,  0.87684685,\n",
       "         0.63514006, -0.8030907 ,  1.6057577 , -0.08290742], dtype=float32),\n",
       " array([-1.9764681 , -1.5587034 ,  0.        ,  0.87684685,  0.63514006,\n",
       "         0.        ,  1.6057577 , -0.08290742,  0.        ], dtype=float32),\n",
       " array([ 0.        ,  0.6853202 , -0.15468623,  0.        , -0.60912687,\n",
       "        -0.06459299,  0.        ,  1.0250096 , -0.9981974 ], dtype=float32),\n",
       " array([ 0.6853202 , -0.15468623, -1.4651884 , -0.60912687, -0.06459299,\n",
       "        -0.8030907 ,  1.0250096 , -0.9981974 ,  0.60193235], dtype=float32),\n",
       " array([-0.15468623, -1.4651884 ,  0.87684685, -0.06459299, -0.8030907 ,\n",
       "         1.6057577 , -0.9981974 ,  0.60193235,  0.6268208 ], dtype=float32),\n",
       " array([-1.4651884 ,  0.87684685,  0.63514006, -0.8030907 ,  1.6057577 ,\n",
       "        -0.08290742,  0.60193235,  0.6268208 , -0.33752578], dtype=float32),\n",
       " array([ 0.87684685,  0.63514006,  0.        ,  1.6057577 , -0.08290742,\n",
       "         0.        ,  0.6268208 , -0.33752578,  0.        ], dtype=float32),\n",
       " array([ 0.        , -0.60912687, -0.06459299,  0.        ,  1.0250096 ,\n",
       "        -0.9981974 ,  0.        ,  0.5519102 ,  1.1035016 ], dtype=float32),\n",
       " array([-0.60912687, -0.06459299, -0.8030907 ,  1.0250096 , -0.9981974 ,\n",
       "         0.60193235,  0.5519102 ,  1.1035016 , -0.46257722], dtype=float32),\n",
       " array([-0.06459299, -0.8030907 ,  1.6057577 , -0.9981974 ,  0.60193235,\n",
       "         0.6268208 ,  1.1035016 , -0.46257722, -0.5064655 ], dtype=float32),\n",
       " array([-0.8030907 ,  1.6057577 , -0.08290742,  0.60193235,  0.6268208 ,\n",
       "        -0.33752578, -0.46257722, -0.5064655 , -1.025904  ], dtype=float32),\n",
       " array([ 1.6057577 , -0.08290742,  0.        ,  0.6268208 , -0.33752578,\n",
       "         0.        , -0.5064655 , -1.025904  ,  0.        ], dtype=float32),\n",
       " array([ 0.       ,  1.0250096, -0.9981974,  0.       ,  0.5519102,\n",
       "         1.1035016,  0.       ,  0.       ,  0.       ], dtype=float32),\n",
       " array([ 1.0250096 , -0.9981974 ,  0.60193235,  0.5519102 ,  1.1035016 ,\n",
       "        -0.46257722,  0.        ,  0.        ,  0.        ], dtype=float32),\n",
       " array([-0.9981974 ,  0.60193235,  0.6268208 ,  1.1035016 , -0.46257722,\n",
       "        -0.5064655 ,  0.        ,  0.        ,  0.        ], dtype=float32),\n",
       " array([ 0.60193235,  0.6268208 , -0.33752578, -0.46257722, -0.5064655 ,\n",
       "        -1.025904  ,  0.        ,  0.        ,  0.        ], dtype=float32),\n",
       " array([ 0.6268208 , -0.33752578,  0.        , -0.5064655 , -1.025904  ,\n",
       "         0.        ,  0.        ,  0.        ,  0.        ], dtype=float32),\n",
       " array([ 0.        ,  0.        ,  0.        ,  0.        , -0.37195122,\n",
       "        -1.0138667 ,  0.        ,  0.20565905, -0.98085755], dtype=float32),\n",
       " array([ 0.        ,  0.        ,  0.        , -0.37195122, -1.0138667 ,\n",
       "        -0.8751081 ,  0.20565905, -0.98085755, -2.0996175 ], dtype=float32),\n",
       " array([ 0.        ,  0.        ,  0.        , -1.0138667 , -0.8751081 ,\n",
       "         0.8680116 , -0.98085755, -2.0996175 , -1.4794441 ], dtype=float32),\n",
       " array([ 0.       ,  0.       ,  0.       , -0.8751081,  0.8680116,\n",
       "        -1.2700269, -2.0996175, -1.4794441, -1.733223 ], dtype=float32),\n",
       " array([ 0.       ,  0.       ,  0.       ,  0.8680116, -1.2700269,\n",
       "         0.       , -1.4794441, -1.733223 ,  0.       ], dtype=float32),\n",
       " array([ 0.        , -0.37195122, -1.0138667 ,  0.        ,  0.20565905,\n",
       "        -0.98085755,  0.        , -0.4091526 , -0.15216997], dtype=float32),\n",
       " array([-0.37195122, -1.0138667 , -0.8751081 ,  0.20565905, -0.98085755,\n",
       "        -2.0996175 , -0.4091526 , -0.15216997, -0.3048521 ], dtype=float32),\n",
       " array([-1.0138667 , -0.8751081 ,  0.8680116 , -0.98085755, -2.0996175 ,\n",
       "        -1.4794441 , -0.15216997, -0.3048521 , -0.8251039 ], dtype=float32),\n",
       " array([-0.8751081,  0.8680116, -1.2700269, -2.0996175, -1.4794441,\n",
       "        -1.733223 , -0.3048521, -0.8251039,  1.3495241], dtype=float32),\n",
       " array([ 0.8680116, -1.2700269,  0.       , -1.4794441, -1.733223 ,\n",
       "         0.       , -0.8251039,  1.3495241,  0.       ], dtype=float32),\n",
       " array([ 0.        ,  0.20565905, -0.98085755,  0.        , -0.4091526 ,\n",
       "        -0.15216997,  0.        ,  0.80401313,  0.3448292 ], dtype=float32),\n",
       " array([ 0.20565905, -0.98085755, -2.0996175 , -0.4091526 , -0.15216997,\n",
       "        -0.3048521 ,  0.80401313,  0.3448292 , -0.5257354 ], dtype=float32),\n",
       " array([-0.98085755, -2.0996175 , -1.4794441 , -0.15216997, -0.3048521 ,\n",
       "        -0.8251039 ,  0.3448292 , -0.5257354 , -0.19420166], dtype=float32),\n",
       " array([-2.0996175 , -1.4794441 , -1.733223  , -0.3048521 , -0.8251039 ,\n",
       "         1.3495241 , -0.5257354 , -0.19420166,  1.8074692 ], dtype=float32),\n",
       " array([-1.4794441 , -1.733223  ,  0.        , -0.8251039 ,  1.3495241 ,\n",
       "         0.        , -0.19420166,  1.8074692 ,  0.        ], dtype=float32),\n",
       " array([ 0.        , -0.4091526 , -0.15216997,  0.        ,  0.80401313,\n",
       "         0.3448292 ,  0.        , -1.6589499 ,  0.08233198], dtype=float32),\n",
       " array([-0.4091526 , -0.15216997, -0.3048521 ,  0.80401313,  0.3448292 ,\n",
       "        -0.5257354 , -1.6589499 ,  0.08233198, -1.4326516 ], dtype=float32),\n",
       " array([-0.15216997, -0.3048521 , -0.8251039 ,  0.3448292 , -0.5257354 ,\n",
       "        -0.19420166,  0.08233198, -1.4326516 , -0.91177386], dtype=float32),\n",
       " array([-0.3048521 , -0.8251039 ,  1.3495241 , -0.5257354 , -0.19420166,\n",
       "         1.8074692 , -1.4326516 , -0.91177386,  1.4111505 ], dtype=float32),\n",
       " array([-0.8251039 ,  1.3495241 ,  0.        , -0.19420166,  1.8074692 ,\n",
       "         0.        , -0.91177386,  1.4111505 ,  0.        ], dtype=float32),\n",
       " array([ 0.        ,  0.80401313,  0.3448292 ,  0.        , -1.6589499 ,\n",
       "         0.08233198,  0.        ,  0.        ,  0.        ], dtype=float32),\n",
       " array([ 0.80401313,  0.3448292 , -0.5257354 , -1.6589499 ,  0.08233198,\n",
       "        -1.4326516 ,  0.        ,  0.        ,  0.        ], dtype=float32),\n",
       " array([ 0.3448292 , -0.5257354 , -0.19420166,  0.08233198, -1.4326516 ,\n",
       "        -0.91177386,  0.        ,  0.        ,  0.        ], dtype=float32),\n",
       " array([-0.5257354 , -0.19420166,  1.8074692 , -1.4326516 , -0.91177386,\n",
       "         1.4111505 ,  0.        ,  0.        ,  0.        ], dtype=float32),\n",
       " array([-0.19420166,  1.8074692 ,  0.        , -0.91177386,  1.4111505 ,\n",
       "         0.        ,  0.        ,  0.        ,  0.        ], dtype=float32),\n",
       " array([ 0.        ,  0.        ,  0.        ,  0.        , -0.3733299 ,\n",
       "        -0.69088125,  0.        ,  1.8834687 ,  0.4832005 ], dtype=float32),\n",
       " array([ 0.        ,  0.        ,  0.        , -0.3733299 , -0.69088125,\n",
       "         0.38220757,  1.8834687 ,  0.4832005 ,  0.23747572], dtype=float32),\n",
       " array([ 0.        ,  0.        ,  0.        , -0.69088125,  0.38220757,\n",
       "         0.02772447,  0.4832005 ,  0.23747572,  0.30278134], dtype=float32),\n",
       " array([ 0.        ,  0.        ,  0.        ,  0.38220757,  0.02772447,\n",
       "        -0.4693404 ,  0.23747572,  0.30278134,  1.5684929 ], dtype=float32),\n",
       " array([ 0.        ,  0.        ,  0.        ,  0.02772447, -0.4693404 ,\n",
       "         0.        ,  0.30278134,  1.5684929 ,  0.        ], dtype=float32),\n",
       " array([ 0.        , -0.3733299 , -0.69088125,  0.        ,  1.8834687 ,\n",
       "         0.4832005 ,  0.        ,  1.7464454 ,  1.8299559 ], dtype=float32),\n",
       " array([-0.3733299 , -0.69088125,  0.38220757,  1.8834687 ,  0.4832005 ,\n",
       "         0.23747572,  1.7464454 ,  1.8299559 ,  0.03428138], dtype=float32),\n",
       " array([-0.69088125,  0.38220757,  0.02772447,  0.4832005 ,  0.23747572,\n",
       "         0.30278134,  1.8299559 ,  0.03428138,  1.6230226 ], dtype=float32),\n",
       " array([ 0.38220757,  0.02772447, -0.4693404 ,  0.23747572,  0.30278134,\n",
       "         1.5684929 ,  0.03428138,  1.6230226 ,  0.07625833], dtype=float32),\n",
       " array([ 0.02772447, -0.4693404 ,  0.        ,  0.30278134,  1.5684929 ,\n",
       "         0.        ,  1.6230226 ,  0.07625833,  0.        ], dtype=float32),\n",
       " array([ 0.        ,  1.8834687 ,  0.4832005 ,  0.        ,  1.7464454 ,\n",
       "         1.8299559 ,  0.        , -1.667374  ,  0.42930627], dtype=float32),\n",
       " array([ 1.8834687 ,  0.4832005 ,  0.23747572,  1.7464454 ,  1.8299559 ,\n",
       "         0.03428138, -1.667374  ,  0.42930627,  1.6479326 ], dtype=float32),\n",
       " array([0.4832005 , 0.23747572, 0.30278134, 1.8299559 , 0.03428138,\n",
       "        1.6230226 , 0.42930627, 1.6479326 , 0.41647097], dtype=float32),\n",
       " array([0.23747572, 0.30278134, 1.5684929 , 0.03428138, 1.6230226 ,\n",
       "        0.07625833, 1.6479326 , 0.41647097, 2.108714  ], dtype=float32),\n",
       " array([0.30278134, 1.5684929 , 0.        , 1.6230226 , 0.07625833,\n",
       "        0.        , 0.41647097, 2.108714  , 0.        ], dtype=float32),\n",
       " array([ 0.        ,  1.7464454 ,  1.8299559 ,  0.        , -1.667374  ,\n",
       "         0.42930627,  0.        ,  0.6558171 , -0.07954081], dtype=float32),\n",
       " array([ 1.7464454 ,  1.8299559 ,  0.03428138, -1.667374  ,  0.42930627,\n",
       "         1.6479326 ,  0.6558171 , -0.07954081, -0.36099228], dtype=float32),\n",
       " array([ 1.8299559 ,  0.03428138,  1.6230226 ,  0.42930627,  1.6479326 ,\n",
       "         0.41647097, -0.07954081, -0.36099228, -0.12765363], dtype=float32),\n",
       " array([ 0.03428138,  1.6230226 ,  0.07625833,  1.6479326 ,  0.41647097,\n",
       "         2.108714  , -0.36099228, -0.12765363, -0.11207239], dtype=float32),\n",
       " array([ 1.6230226 ,  0.07625833,  0.        ,  0.41647097,  2.108714  ,\n",
       "         0.        , -0.12765363, -0.11207239,  0.        ], dtype=float32),\n",
       " array([ 0.        , -1.667374  ,  0.42930627,  0.        ,  0.6558171 ,\n",
       "        -0.07954081,  0.        ,  0.        ,  0.        ], dtype=float32),\n",
       " array([-1.667374  ,  0.42930627,  1.6479326 ,  0.6558171 , -0.07954081,\n",
       "        -0.36099228,  0.        ,  0.        ,  0.        ], dtype=float32),\n",
       " array([ 0.42930627,  1.6479326 ,  0.41647097, -0.07954081, -0.36099228,\n",
       "        -0.12765363,  0.        ,  0.        ,  0.        ], dtype=float32),\n",
       " array([ 1.6479326 ,  0.41647097,  2.108714  , -0.36099228, -0.12765363,\n",
       "        -0.11207239,  0.        ,  0.        ,  0.        ], dtype=float32),\n",
       " array([ 0.41647097,  2.108714  ,  0.        , -0.12765363, -0.11207239,\n",
       "         0.        ,  0.        ,  0.        ,  0.        ], dtype=float32),\n",
       " array([ 0.       ,  0.       ,  0.       ,  0.       , -0.4112553,\n",
       "         1.0380727,  0.       , -0.2302368,  1.0495493], dtype=float32),\n",
       " array([ 0.        ,  0.        ,  0.        , -0.4112553 ,  1.0380727 ,\n",
       "         0.15954182, -0.2302368 ,  1.0495493 ,  1.0251449 ], dtype=float32),\n",
       " array([ 0.        ,  0.        ,  0.        ,  1.0380727 ,  0.15954182,\n",
       "        -0.68480384,  1.0495493 ,  1.0251449 ,  0.36958504], dtype=float32),\n",
       " array([ 0.        ,  0.        ,  0.        ,  0.15954182, -0.68480384,\n",
       "        -1.061552  ,  1.0251449 ,  0.36958504,  0.89382136], dtype=float32),\n",
       " array([ 0.        ,  0.        ,  0.        , -0.68480384, -1.061552  ,\n",
       "         0.        ,  0.36958504,  0.89382136,  0.        ], dtype=float32),\n",
       " array([ 0.        , -0.4112553 ,  1.0380727 ,  0.        , -0.2302368 ,\n",
       "         1.0495493 ,  0.        , -0.00476055,  0.20627755], dtype=float32),\n",
       " array([-0.4112553 ,  1.0380727 ,  0.15954182, -0.2302368 ,  1.0495493 ,\n",
       "         1.0251449 , -0.00476055,  0.20627755,  2.581828  ], dtype=float32),\n",
       " array([ 1.0380727 ,  0.15954182, -0.68480384,  1.0495493 ,  1.0251449 ,\n",
       "         0.36958504,  0.20627755,  2.581828  ,  0.1388268 ], dtype=float32),\n",
       " array([ 0.15954182, -0.68480384, -1.061552  ,  1.0251449 ,  0.36958504,\n",
       "         0.89382136,  2.581828  ,  0.1388268 , -0.89685285], dtype=float32),\n",
       " array([-0.68480384, -1.061552  ,  0.        ,  0.36958504,  0.89382136,\n",
       "         0.        ,  0.1388268 , -0.89685285,  0.        ], dtype=float32),\n",
       " array([ 0.        , -0.2302368 ,  1.0495493 ,  0.        , -0.00476055,\n",
       "         0.20627755,  0.        ,  0.85633016,  1.3367645 ], dtype=float32),\n",
       " array([-0.2302368 ,  1.0495493 ,  1.0251449 , -0.00476055,  0.20627755,\n",
       "         2.581828  ,  0.85633016,  1.3367645 ,  1.1057106 ], dtype=float32),\n",
       " array([1.0495493 , 1.0251449 , 0.36958504, 0.20627755, 2.581828  ,\n",
       "        0.1388268 , 1.3367645 , 1.1057106 , 1.2127953 ], dtype=float32),\n",
       " array([ 1.0251449 ,  0.36958504,  0.89382136,  2.581828  ,  0.1388268 ,\n",
       "        -0.89685285,  1.1057106 ,  1.2127953 , -0.7366564 ], dtype=float32),\n",
       " array([ 0.36958504,  0.89382136,  0.        ,  0.1388268 , -0.89685285,\n",
       "         0.        ,  1.2127953 , -0.7366564 ,  0.        ], dtype=float32),\n",
       " array([ 0.        , -0.00476055,  0.20627755,  0.        ,  0.85633016,\n",
       "         1.3367645 ,  0.        ,  0.32502487, -0.20679103], dtype=float32),\n",
       " array([-0.00476055,  0.20627755,  2.581828  ,  0.85633016,  1.3367645 ,\n",
       "         1.1057106 ,  0.32502487, -0.20679103,  0.19057043], dtype=float32),\n",
       " array([ 0.20627755,  2.581828  ,  0.1388268 ,  1.3367645 ,  1.1057106 ,\n",
       "         1.2127953 , -0.20679103,  0.19057043,  0.03712423], dtype=float32),\n",
       " array([ 2.581828  ,  0.1388268 , -0.89685285,  1.1057106 ,  1.2127953 ,\n",
       "        -0.7366564 ,  0.19057043,  0.03712423, -1.7374418 ], dtype=float32),\n",
       " array([ 0.1388268 , -0.89685285,  0.        ,  1.2127953 , -0.7366564 ,\n",
       "         0.        ,  0.03712423, -1.7374418 ,  0.        ], dtype=float32),\n",
       " array([ 0.        ,  0.85633016,  1.3367645 ,  0.        ,  0.32502487,\n",
       "        -0.20679103,  0.        ,  0.        ,  0.        ], dtype=float32),\n",
       " array([ 0.85633016,  1.3367645 ,  1.1057106 ,  0.32502487, -0.20679103,\n",
       "         0.19057043,  0.        ,  0.        ,  0.        ], dtype=float32),\n",
       " array([ 1.3367645 ,  1.1057106 ,  1.2127953 , -0.20679103,  0.19057043,\n",
